<?xml version="1.0" encoding="utf-8"?>
<COLLADA xmlns="http://www.collada.org/2005/11/COLLADASchema" version="1.4.1">
  <asset>
    <contributor>
      <author>Mixamo</author>
      <authoring_tool>COLLADA Mixamo exporter</authoring_tool>
      <comments/>
    </contributor>
    <created>2023-02-04T08:50:35Z</created>
    <modified>2023-02-04T08:50:35Z</modified>
    <revision/>
    <title/>
    <unit meter="0.010000"/>
    <up_axis>Y_UP</up_axis>
  </asset>
  <library_animations>
    <animation id="mixamorig_Hips-anim" name="mixamorig_Hips">
      <source id="mixamorig_Hips-Matrix-animation-input">
        <float_array id="mixamorig_Hips-Matrix-animation-input-array" count="461">

0.000000 0.033333 0.066667 0.100000 0.133333 0.166667 0.200000 0.233333 0.266667 0.300000 0.333333 0.366667 0.400000 0.433333 0.466667 0.500000
0.533333 0.566667 0.600000 0.633333 0.666667 0.700000 0.733333 0.766667 0.800000 0.833333 0.866667 0.900000 0.933333 0.966667 1.000000 1.033333
1.066667 1.100000 1.133333 1.166667 1.200000 1.233333 1.266667 1.300000 1.333333 1.366667 1.400000 1.433333 1.466667 1.500000 1.533333 1.566667
1.600000 1.633333 1.666667 1.700000 1.733333 1.766667 1.800000 1.833333 1.866667 1.900000 1.933333 1.966667 2.000000 2.033333 2.066667 2.100000
2.133333 2.166667 2.200000 2.233333 2.266667 2.300000 2.333333 2.366667 2.400000 2.433333 2.466667 2.500000 2.533333 2.566667 2.600000 2.633333
2.666667 2.700000 2.733333 2.766667 2.800000 2.833333 2.866667 2.900000 2.933333 2.966667 3.000000 3.033333 3.066667 3.100000 3.133333 3.166667
3.200000 3.233333 3.266667 3.300000 3.333333 3.366667 3.400000 3.433333 3.466667 3.500000 3.533333 3.566667 3.600000 3.633333 3.666667 3.700000
3.733333 3.766667 3.800000 3.833333 3.866667 3.900000 3.933333 3.966667 4.000000 4.033333 4.066667 4.100000 4.133333 4.166667 4.200000 4.233333
4.266667 4.300000 4.333333 4.366667 4.400000 4.433333 4.466667 4.500000 4.533333 4.566667 4.600000 4.633333 4.666667 4.700000 4.733333 4.766667
4.800000 4.833333 4.866667 4.900000 4.933333 4.966667 5.000000 5.033333 5.066667 5.100000 5.133333 5.166667 5.200000 5.233333 5.266667 5.300000
5.333333 5.366667 5.400000 5.433333 5.466667 5.500000 5.533333 5.566667 5.600000 5.633333 5.666667 5.700000 5.733333 5.766667 5.800000 5.833333
5.866667 5.900000 5.933333 5.966667 6.000000 6.033333 6.066667 6.100000 6.133333 6.166667 6.200000 6.233333 6.266667 6.300000 6.333333 6.366667
6.400000 6.433333 6.466667 6.500000 6.533333 6.566667 6.600000 6.633333 6.666667 6.700000 6.733333 6.766667 6.800000 6.833333 6.866667 6.900000
6.933333 6.966667 7.000000 7.033333 7.066667 7.100000 7.133333 7.166667 7.200000 7.233333 7.266667 7.300000 7.333333 7.366667 7.400000 7.433333
7.466667 7.500000 7.533333 7.566667 7.600000 7.633333 7.666667 7.700000 7.733333 7.766667 7.800000 7.833333 7.866667 7.900000 7.933333 7.966667
8.000000 8.033333 8.066667 8.100000 8.133333 8.166667 8.200000 8.233333 8.266667 8.300000 8.333333 8.366667 8.400000 8.433333 8.466667 8.500000
8.533333 8.566667 8.600000 8.633333 8.666667 8.700000 8.733333 8.766667 8.800000 8.833333 8.866667 8.900000 8.933333 8.966667 9.000000 9.033333
9.066667 9.100000 9.133333 9.166667 9.200000 9.233333 9.266667 9.300000 9.333333 9.366667 9.400000 9.433333 9.466667 9.500000 9.533333 9.566667
9.600000 9.633333 9.666667 9.700000 9.733333 9.766667 9.800000 9.833333 9.866667 9.900000 9.933333 9.966667 10.000000 10.033333 10.066667 10.100000
10.133333 10.166667 10.200000 10.233333 10.266667 10.300000 10.333333 10.366667 10.400000 10.433333 10.466667 10.500000 10.533333 10.566667 10.600000 10.633333
10.666667 10.700000 10.733333 10.766667 10.800000 10.833333 10.866667 10.900000 10.933333 10.966667 11.000000 11.033333 11.066667 11.100000 11.133333 11.166667
11.200000 11.233333 11.266667 11.300000 11.333333 11.366667 11.400000 11.433333 11.466667 11.500000 11.533333 11.566667 11.600000 11.633333 11.666667 11.700000
11.733333 11.766667 11.800000 11.833333 11.866667 11.900000 11.933333 11.966667 12.000000 12.033333 12.066667 12.100000 12.133333 12.166667 12.200000 12.233333
12.266667 12.300000 12.333333 12.366667 12.400000 12.433333 12.466667 12.500000 12.533333 12.566667 12.600000 12.633333 12.666667 12.700000 12.733333 12.766667
12.800000 12.833333 12.866667 12.900000 12.933333 12.966667 13.000000 13.033333 13.066667 13.100000 13.133333 13.166667 13.200000 13.233333 13.266667 13.300000
13.333333 13.366667 13.400000 13.433333 13.466667 13.500000 13.533333 13.566667 13.600000 13.633333 13.666667 13.700000 13.733333 13.766667 13.800000 13.833333
13.866667 13.900000 13.933333 13.966667 14.000000 14.033333 14.066667 14.100000 14.133333 14.166667 14.200000 14.233333 14.266667 14.300000 14.333333 14.366667
14.400000 14.433333 14.466667 14.500000 14.533333 14.566667 14.600000 14.633333 14.666667 14.700000 14.733333 14.766667 14.800000 14.833333 14.866667 14.900000
14.933333 14.966667 15.000000 15.033333 15.066667 15.100000 15.133333 15.166667 15.200000 15.233333 15.266667 15.300000 15.333333</float_array>
        <technique_common>
          <accessor source="#mixamorig_Hips-Matrix-animation-input-array" count="461">
            <param name="TIME" type="float"/>
          </accessor>
        </technique_common>
      </source>
      <source id="mixamorig_Hips-Matrix-animation-output-transform">
        <float_array id="mixamorig_Hips-Matrix-animation-output-transform-array" count="7376">

0.982832 0.053857 -0.176466 -0.499328 -0.056484 0.998355 -0.009893 103.449188 0.175643 0.019690 0.984257 1.634906 0.000000 0.000000 0.000000 1.000000
0.974135 0.067264 -0.215726 -0.274973 -0.063066 0.997663 0.026291 103.380630 0.216990 -0.012006 0.976100 1.834257 0.000000 0.000000 0.000000 1.000000
0.964497 0.071245 -0.254303 -0.177973 -0.060051 0.996865 0.051523 103.158981 0.257176 -0.034422 0.965751 2.021270 0.000000 0.000000 0.000000 1.000000
0.960716 0.064161 -0.270014 -0.265537 -0.047946 0.996652 0.066232 102.734978 0.273359 -0.050684 0.960576 2.202196 0.000000 0.000000 0.000000 1.000000
0.961274 0.051013 -0.270831 -0.493084 -0.031217 0.996549 0.076908 102.182228 0.273820 -0.065475 0.959550 2.368844 0.000000 0.000000 0.000000 1.000000
0.964624 0.037967 -0.260881 -0.924873 -0.015441 0.996013 0.087861 101.638855 0.263176 -0.080725 0.961364 2.398018 0.000000 0.000000 0.000000 1.000000
0.969022 0.025441 -0.245660 -1.427640 -0.000908 0.995040 0.099470 101.111282 0.246972 -0.096165 0.964239 2.332716 0.000000 0.000000 0.000000 1.000000
0.973008 0.013105 -0.230398 -1.911059 0.012904 0.993735 0.111017 100.619377 0.230409 -0.110993 0.966743 2.257231 0.000000 0.000000 0.000000 1.000000
0.976424 0.003488 -0.215831 -2.259820 0.023012 0.992489 0.120147 100.300049 0.214629 -0.122281 0.969011 2.172235 0.000000 0.000000 0.000000 1.000000
0.977743 -0.000461 -0.209806 -2.308156 0.026757 0.992106 0.122513 100.401192 0.208093 -0.125400 0.970037 2.142822 0.000000 0.000000 0.000000 1.000000
0.973614 -0.001556 -0.228194 -2.013187 0.028350 0.993055 0.114187 100.939636 0.226432 -0.117644 0.966896 2.305286 0.000000 0.000000 0.000000 1.000000
0.966219 -0.001587 -0.257718 -1.530964 0.027987 0.994714 0.098799 101.628746 0.256199 -0.102674 0.961156 2.513149 0.000000 0.000000 0.000000 1.000000
0.956661 0.004464 -0.291171 -0.771704 0.017121 0.997290 0.071544 102.191483 0.290701 -0.073429 0.953992 2.447250 0.000000 0.000000 0.000000 1.000000
0.951986 0.017083 -0.305665 0.062466 -0.004929 0.999168 0.040491 102.503426 0.306102 -0.037040 0.951278 2.018035 0.000000 0.000000 0.000000 1.000000
0.964562 0.034652 -0.261572 0.747141 -0.033552 0.999399 0.008669 102.585434 0.261715 0.000415 0.965145 1.335383 0.000000 0.000000 0.000000 1.000000
0.986902 0.043251 -0.155412 1.018019 -0.047062 0.998673 -0.020927 102.651001 0.154301 0.027967 0.987628 0.796804 0.000000 0.000000 0.000000 1.000000
0.998098 0.039344 -0.047455 0.828261 -0.041182 0.998414 -0.038389 102.831985 0.045870 0.040270 0.998135 0.562373 0.000000 0.000000 0.000000 1.000000
0.999475 0.029761 0.012810 0.251441 -0.029292 0.998945 -0.035372 102.937111 -0.013849 0.034978 0.999292 0.555743 0.000000 0.000000 0.000000 1.000000
0.998685 0.020288 0.047087 -0.665015 -0.019621 0.999701 -0.014580 102.850365 -0.047368 0.013637 0.998784 0.678509 0.000000 0.000000 0.000000 1.000000
0.994363 0.011973 0.105349 -1.855437 -0.013461 0.999819 0.013425 102.555656 -0.105169 -0.014767 0.994345 0.910580 0.000000 0.000000 0.000000 1.000000
0.975829 0.002063 0.218525 -3.162035 -0.010379 0.999265 0.036912 102.148888 -0.218288 -0.038288 0.975133 1.257511 0.000000 0.000000 0.000000 1.000000
0.923149 -0.012392 0.384243 -4.428302 -0.008389 0.998593 0.052360 101.632927 -0.384351 -0.051560 0.921746 1.697912 0.000000 0.000000 0.000000 1.000000
0.825236 -0.033921 0.563768 -5.600005 -0.003254 0.997893 0.064805 100.921967 -0.564779 -0.055314 0.823387 2.209381 0.000000 0.000000 0.000000 1.000000
0.701590 -0.059084 0.710127 -6.633109 0.005492 0.996975 0.077524 99.880318 -0.712559 -0.050490 0.699793 2.775736 0.000000 0.000000 0.000000 1.000000
0.587749 -0.078079 0.805267 -7.385051 0.014478 0.996188 0.086023 98.574562 -0.808914 -0.038901 0.586639 3.358548 0.000000 0.000000 0.000000 1.000000
0.500984 -0.084796 0.861293 -7.734980 0.022211 0.996121 0.085150 97.371231 -0.865172 -0.023529 0.500924 3.894661 0.000000 0.000000 0.000000 1.000000
0.436537 -0.083887 0.895767 -7.764232 0.028914 0.996437 0.079224 96.633438 -0.899222 -0.008684 0.437407 4.330700 0.000000 0.000000 0.000000 1.000000
0.401031 -0.079721 0.912589 -7.604705 0.033517 0.996816 0.072350 96.489487 -0.915451 0.001573 0.402426 4.630129 0.000000 0.000000 0.000000 1.000000
0.431318 -0.066840 0.899721 -7.711779 0.023770 0.997748 0.062727 96.989128 -0.901887 -0.005669 0.431935 4.607026 0.000000 0.000000 0.000000 1.000000
0.466070 -0.052387 0.883196 -7.848219 0.010612 0.998505 0.053627 97.534279 -0.884684 -0.015621 0.465929 4.554738 0.000000 0.000000 0.000000 1.000000
0.495088 -0.035162 0.868131 -8.000278 -0.005802 0.999025 0.043773 98.048157 -0.868824 -0.026708 0.494401 4.469862 0.000000 0.000000 0.000000 1.000000
0.496675 -0.007124 0.867907 -8.225845 -0.028881 0.999277 0.024730 98.380081 -0.867456 -0.037348 0.496110 4.220920 0.000000 0.000000 0.000000 1.000000
0.482818 0.012616 0.875630 -8.171190 -0.035095 0.999372 0.004953 98.671524 -0.875017 -0.033122 0.482958 3.946271 0.000000 0.000000 0.000000 1.000000
0.478711 0.021129 0.877718 -7.928805 -0.028404 0.999560 -0.008570 98.951546 -0.877513 -0.020828 0.479101 3.595428 0.000000 0.000000 0.000000 1.000000
0.489676 0.018268 0.871713 -7.614291 -0.018201 0.999777 -0.010727 99.018784 -0.871715 -0.010613 0.489899 3.107592 0.000000 0.000000 0.000000 1.000000
0.502200 0.008272 0.864712 -7.320682 -0.012444 0.999920 -0.002338 98.626076 -0.864662 -0.009586 0.502263 2.566651 0.000000 0.000000 0.000000 1.000000
0.511838 -0.007525 0.859049 -7.016943 -0.007901 0.999878 0.013467 97.865166 -0.859046 -0.013680 0.511716 2.101786 0.000000 0.000000 0.000000 1.000000
0.520863 -0.029737 0.853122 -6.683245 -0.001322 0.999364 0.035642 96.965889 -0.853639 -0.019692 0.520493 1.828584 0.000000 0.000000 0.000000 1.000000
0.526807 -0.051292 0.848436 -6.373003 0.005038 0.998348 0.057227 96.372559 -0.849970 -0.025873 0.526195 1.737661 0.000000 0.000000 0.000000 1.000000
0.520407 -0.063753 0.851535 -6.129646 0.006868 0.997489 0.070482 96.214691 -0.853891 -0.030831 0.519538 1.779872 0.000000 0.000000 0.000000 1.000000
0.502430 -0.065527 0.862131 -5.948808 0.005545 0.997348 0.072572 96.342590 -0.864600 -0.031682 0.501460 1.921858 0.000000 0.000000 0.000000 1.000000
0.487531 -0.066251 0.870589 -6.062500 0.004320 0.997288 0.073474 96.267181 -0.873095 -0.032060 0.486495 2.055249 0.000000 0.000000 0.000000 1.000000
0.476785 -0.071106 0.876139 -6.439271 0.002689 0.996836 0.079438 95.871346 -0.879016 -0.035519 0.475467 2.119187 0.000000 0.000000 0.000000 1.000000
0.466250 -0.076242 0.881361 -6.832106 0.001092 0.996328 0.085610 95.454567 -0.884652 -0.038953 0.464621 2.178803 0.000000 0.000000 0.000000 1.000000
0.455864 -0.081917 0.886272 -7.242433 -0.000404 0.995737 0.092242 95.020279 -0.890049 -0.042408 0.453887 2.234025 0.000000 0.000000 0.000000 1.000000
0.445563 -0.088389 0.890876 -7.671681 -0.001734 0.995027 0.099589 94.571930 -0.895249 -0.045918 0.443194 2.284778 0.000000 0.000000 0.000000 1.000000
0.435283 -0.095919 0.895169 -8.121279 -0.002841 0.994157 0.107907 94.112923 -0.900289 -0.049514 0.432468 2.330989 0.000000 0.000000 0.000000 1.000000
0.432414 -0.120817 0.893544 -9.680240 0.001687 0.991089 0.133190 94.046715 -0.901673 -0.056086 0.428765 2.330273 0.000000 0.000000 0.000000 1.000000
0.434933 -0.140834 0.889381 -11.793989 0.010621 0.988427 0.151325 95.033638 -0.900400 -0.056370 0.431395 2.428131 0.000000 0.000000 0.000000 1.000000
0.433869 -0.154748 0.887587 -14.128787 0.017512 0.986402 0.163415 95.932526 -0.900806 -0.055358 0.430679 2.561475 0.000000 0.000000 0.000000 1.000000
0.421054 -0.152424 0.894137 -16.929022 0.016776 0.986919 0.160341 96.268623 -0.906881 -0.052512 0.418103 2.769294 0.000000 0.000000 0.000000 1.000000
0.393854 -0.129806 0.909961 -20.322908 0.007940 0.990422 0.137847 96.014267 -0.919139 -0.047066 0.391112 3.076201 0.000000 0.000000 0.000000 1.000000
0.365329 -0.105738 0.924854 -23.795858 -0.000460 0.993507 0.113769 95.491791 -0.930879 -0.041988 0.362908 3.373467 0.000000 0.000000 0.000000 1.000000
0.356394 -0.106185 0.928282 -26.964703 -0.002925 0.993389 0.114756 93.556686 -0.934331 -0.043614 0.353727 3.403108 0.000000 0.000000 0.000000 1.000000
0.358566 -0.108901 0.927131 -29.938768 -0.005702 0.992898 0.118831 91.691475 -0.933487 -0.047895 0.355399 3.350255 0.000000 0.000000 0.000000 1.000000
0.358804 -0.103906 0.927612 -32.621132 -0.012513 0.993160 0.116088 90.106972 -0.933329 -0.053260 0.355050 3.296749 0.000000 0.000000 0.000000 1.000000
0.348686 -0.096414 0.932267 -34.946705 -0.020763 0.993656 0.110528 88.592026 -0.937010 -0.057896 0.344472 3.284264 0.000000 0.000000 0.000000 1.000000
0.329853 -0.093930 0.939348 -36.916012 -0.027955 0.993629 0.109174 87.100113 -0.943618 -0.062271 0.325126 3.321734 0.000000 0.000000 0.000000 1.000000
0.302952 -0.096903 0.948066 -38.564960 -0.035180 0.993002 0.112738 85.906746 -0.952356 -0.067507 0.297423 3.404252 0.000000 0.000000 0.000000 1.000000
0.266372 -0.104884 0.958147 -40.073673 -0.044924 0.991631 0.121039 85.090317 -0.962823 -0.075285 0.259431 3.485849 0.000000 0.000000 0.000000 1.000000
0.233568 -0.120197 0.964883 -41.807190 -0.055415 0.989072 0.136625 84.376617 -0.970760 -0.085381 0.224355 3.493000 0.000000 0.000000 0.000000 1.000000
0.234493 -0.139794 0.962014 -44.072525 -0.057908 0.985840 0.157371 83.665276 -0.970392 -0.092611 0.223077 3.390368 0.000000 0.000000 0.000000 1.000000
0.274108 -0.151691 0.949660 -46.892757 -0.047423 0.984149 0.170888 83.401756 -0.960529 -0.091877 0.262570 3.196165 0.000000 0.000000 0.000000 1.000000
0.322594 -0.143499 0.935597 -50.100338 -0.038317 0.985651 0.164388 84.250137 -0.945761 -0.088880 0.312467 2.874517 0.000000 0.000000 0.000000 1.000000
0.365701 -0.111017 0.924088 -53.502731 -0.048079 0.989282 0.137876 86.463295 -0.929490 -0.094850 0.356444 2.290562 0.000000 0.000000 0.000000 1.000000
0.420568 -0.060358 0.905251 -56.927017 -0.075822 0.991956 0.101365 89.564835 -0.904087 -0.111269 0.412608 1.348576 0.000000 0.000000 0.000000 1.000000
0.495297 -0.007640 0.868690 -60.115669 -0.106311 0.991912 0.069339 92.628540 -0.862194 -0.126695 0.490479 0.181247 0.000000 0.000000 0.000000 1.000000
0.574708 0.028754 0.817853 -62.802601 -0.124800 0.990773 0.052864 94.940460 -0.808786 -0.132449 0.572994 -0.883002 0.000000 0.000000 0.000000 1.000000
0.639826 0.048418 0.766993 -65.101265 -0.136276 0.989346 0.051227 96.491608 -0.756341 -0.137299 0.639607 -1.726694 0.000000 0.000000 0.000000 1.000000
0.686472 0.062742 0.724445 -67.238838 -0.147581 0.987557 0.054316 97.417618 -0.712023 -0.144200 0.687190 -2.393850 0.000000 0.000000 0.000000 1.000000
0.729631 0.079622 0.679190 -69.325905 -0.159798 0.985553 0.056128 97.864594 -0.664909 -0.149485 0.731813 -2.948075 0.000000 0.000000 0.000000 1.000000
0.785302 0.098575 0.611216 -71.321686 -0.171687 0.983197 0.062021 98.097839 -0.594832 -0.153643 0.789030 -3.442887 0.000000 0.000000 0.000000 1.000000
0.845919 0.116719 0.520382 -73.146568 -0.181318 0.980575 0.074808 98.360458 -0.501542 -0.157636 0.850651 -3.872722 0.000000 0.000000 0.000000 1.000000
0.899784 0.132834 0.415625 -74.682098 -0.186446 0.978243 0.090988 98.750237 -0.394496 -0.159361 0.904974 -4.097745 0.000000 0.000000 0.000000 1.000000
0.937354 0.146564 0.316048 -75.993019 -0.186566 0.977329 0.100103 99.256630 -0.294212 -0.152796 0.943447 -3.927184 0.000000 0.000000 0.000000 1.000000
0.959039 0.157271 0.235605 -77.215309 -0.183902 0.978289 0.095555 100.009598 -0.215462 -0.134969 0.967140 -3.335299 0.000000 0.000000 0.000000 1.000000
0.972499 0.160844 0.168450 -78.517166 -0.176224 0.981042 0.080635 101.062553 -0.152287 -0.108102 0.982406 -2.579793 0.000000 0.000000 0.000000 1.000000
0.984749 0.152152 0.084375 -80.078217 -0.158094 0.985020 0.068860 102.137703 -0.072634 -0.081149 0.994052 -2.039340 0.000000 0.000000 0.000000 1.000000
0.990293 0.136856 -0.024304 -81.917709 -0.134915 0.988465 0.068805 102.821938 0.033440 -0.064858 0.997334 -1.974403 0.000000 0.000000 0.000000 1.000000
0.986110 0.125553 -0.108735 -83.929985 -0.117946 0.990275 0.073789 102.948044 0.116942 -0.059940 0.991328 -2.354951 0.000000 0.000000 0.000000 1.000000
0.983664 0.126701 -0.127872 -85.925102 -0.118185 0.990367 0.072149 102.886292 0.135782 -0.055858 0.989163 -2.823927 0.000000 0.000000 0.000000 1.000000
0.984953 0.132416 -0.111056 -87.824089 -0.125998 0.990030 0.062975 102.993942 0.118287 -0.048035 0.991817 -3.094883 0.000000 0.000000 0.000000 1.000000
0.986922 0.132813 -0.091352 -89.611832 -0.128143 0.990216 0.055237 103.378891 0.097795 -0.042809 0.994286 -3.028769 0.000000 0.000000 0.000000 1.000000
0.987455 0.129381 -0.090519 -91.442986 -0.124448 0.990518 0.058199 103.754837 0.097191 -0.046204 0.994193 -2.833514 0.000000 0.000000 0.000000 1.000000
0.984934 0.131871 -0.111869 -93.509834 -0.124465 0.989694 0.070818 103.812218 0.120055 -0.055827 0.991196 -2.697232 0.000000 0.000000 0.000000 1.000000
0.979987 0.144279 -0.137147 -95.784103 -0.134536 0.987843 0.077881 103.537613 0.146716 -0.057872 0.987484 -2.775057 0.000000 0.000000 0.000000 1.000000
0.975986 0.154409 -0.153655 -97.992867 -0.144831 0.986851 0.071756 103.063240 0.162714 -0.047779 0.985516 -3.108175 0.000000 0.000000 0.000000 1.000000
0.975554 0.154044 -0.156733 -99.814224 -0.146725 0.987516 0.057313 102.410706 0.163605 -0.032915 0.985977 -3.666733 0.000000 0.000000 0.000000 1.000000
0.976273 0.152278 -0.153958 -101.197266 -0.147581 0.988176 0.041557 101.533585 0.158466 -0.017850 0.987203 -4.453211 0.000000 0.000000 0.000000 1.000000
0.973492 0.159315 -0.164111 -102.402870 -0.158221 0.987205 0.019803 100.457443 0.165166 0.006687 0.986243 -5.487397 0.000000 0.000000 0.000000 1.000000
0.965140 0.170208 -0.198834 -103.656296 -0.178237 0.983717 -0.023069 99.420601 0.191669 0.057704 0.979762 -6.665055 0.000000 0.000000 0.000000 1.000000
0.955285 0.173111 -0.239717 -104.929077 -0.200975 0.974786 -0.096959 98.632698 0.216888 0.140801 0.965989 -7.749750 0.000000 0.000000 0.000000 1.000000
0.950049 0.166416 -0.264032 -106.078018 -0.220381 0.956738 -0.189960 98.098976 0.220997 0.238658 0.945623 -8.555634 0.000000 0.000000 0.000000 1.000000
0.946798 0.157132 -0.280860 -107.030403 -0.235635 0.932878 -0.272424 97.756157 0.219202 0.324111 0.920273 -9.074085 0.000000 0.000000 0.000000 1.000000
0.941174 0.150099 -0.302757 -107.749428 -0.250178 0.911777 -0.325690 97.501282 0.227161 0.382274 0.895692 -9.358010 0.000000 0.000000 0.000000 1.000000
0.939386 0.144612 -0.310871 -108.191879 -0.255860 0.899232 -0.354848 97.269127 0.228230 0.412879 0.881727 -9.429312 0.000000 0.000000 0.000000 1.000000
0.946168 0.138055 -0.292758 -108.344208 -0.244429 0.897672 -0.366659 97.089218 0.212181 0.418480 0.883093 -9.329760 0.000000 0.000000 0.000000 1.000000
0.953473 0.129751 -0.272127 -108.260773 -0.226235 0.904556 -0.361381 97.030655 0.199265 0.406132 0.891824 -9.171886 0.000000 0.000000 0.000000 1.000000
0.956043 0.120451 -0.267346 -107.964340 -0.210676 0.916320 -0.340549 97.220016 0.203955 0.381903 0.901417 -8.985451 0.000000 0.000000 0.000000 1.000000
0.955665 0.111757 -0.272423 -107.524773 -0.197748 0.929085 -0.312565 97.732697 0.218173 0.352578 0.909994 -8.736143 0.000000 0.000000 0.000000 1.000000
0.959069 0.102141 -0.264108 -106.956223 -0.176895 0.944410 -0.277126 98.629562 0.221120 0.312502 0.923823 -8.370897 0.000000 0.000000 0.000000 1.000000
0.965852 0.089360 -0.243195 -106.342491 -0.146199 0.962901 -0.226819 99.676132 0.213904 0.254628 0.943085 -7.997254 0.000000 0.000000 0.000000 1.000000
0.970710 0.077716 -0.227337 -105.870911 -0.118077 0.978394 -0.169713 100.466202 0.209235 0.191585 0.958914 -7.755186 0.000000 0.000000 0.000000 1.000000
0.973119 0.074062 -0.218071 -105.772018 -0.104297 0.985939 -0.130564 100.671432 0.205335 0.149798 0.967160 -7.671646 0.000000 0.000000 0.000000 1.000000
0.974780 0.075149 -0.210134 -106.012344 -0.100541 0.988509 -0.112880 100.436279 0.199236 0.131161 0.971134 -7.711348 0.000000 0.000000 0.000000 1.000000
0.975464 0.074470 -0.207182 -106.554489 -0.099076 0.988866 -0.111030 99.897217 0.196607 0.128833 0.971981 -7.950813 0.000000 0.000000 0.000000 1.000000
0.975380 0.071225 -0.208712 -107.224609 -0.096106 0.989095 -0.111600 99.287018 0.198488 0.128911 0.971589 -8.378394 0.000000 0.000000 0.000000 1.000000
0.974941 0.069283 -0.211401 -107.969284 -0.094545 0.989220 -0.111825 98.650620 0.201374 0.129010 0.970981 -8.927422 0.000000 0.000000 0.000000 1.000000
0.975081 0.070891 -0.210220 -108.734047 -0.095657 0.989309 -0.110078 98.034187 0.200169 0.127444 0.971437 -9.450712 0.000000 0.000000 0.000000 1.000000
0.975328 0.069952 -0.209385 -109.386795 -0.093198 0.990276 -0.103288 97.587860 0.200124 0.120254 0.972363 -9.833292 0.000000 0.000000 0.000000 1.000000
0.973659 0.062434 -0.219293 -109.716492 -0.084083 0.992312 -0.090811 97.561714 0.211938 0.106858 0.971424 -9.999060 0.000000 0.000000 0.000000 1.000000
0.971930 0.052173 -0.229412 -109.691177 -0.072289 0.994157 -0.080169 97.935715 0.223889 0.094503 0.970022 -9.959850 0.000000 0.000000 0.000000 1.000000
0.973552 0.042937 -0.224395 -109.252762 -0.062484 0.994774 -0.080744 98.622734 0.219755 0.092630 0.971147 -9.737892 0.000000 0.000000 0.000000 1.000000
0.975729 0.031399 -0.216717 -108.443802 -0.051338 0.994885 -0.086997 99.066055 0.212877 0.096011 0.972350 -9.681171 0.000000 0.000000 0.000000 1.000000
0.977836 0.019693 -0.208446 -107.565376 -0.040049 0.994776 -0.093893 99.452713 0.205508 0.100160 0.973516 -9.659640 0.000000 0.000000 0.000000 1.000000
0.979570 0.011156 -0.200792 -106.687035 -0.031101 0.994851 -0.096456 99.663628 0.198682 0.100730 0.974874 -9.705418 0.000000 0.000000 0.000000 1.000000
0.980625 0.012640 -0.195486 -105.825798 -0.029670 0.995987 -0.084436 99.295387 0.193634 0.088600 0.977065 -9.974968 0.000000 0.000000 0.000000 1.000000
0.980529 0.025542 -0.194708 -105.034927 -0.039155 0.997025 -0.066388 98.622452 0.192433 0.072719 0.978612 -10.290291 0.000000 0.000000 0.000000 1.000000
0.976558 0.052349 -0.208791 -104.288574 -0.062834 0.997058 -0.043899 97.602943 0.205878 0.055989 0.976975 -10.538229 0.000000 0.000000 0.000000 1.000000
0.971141 0.080626 -0.224466 -103.513710 -0.087374 0.995969 -0.020278 96.514923 0.221926 0.039305 0.974271 -10.777902 0.000000 0.000000 0.000000 1.000000
0.961857 0.110957 -0.250040 -102.285675 -0.114214 0.993455 0.001493 94.808098 0.248569 0.027122 0.968234 -10.988865 0.000000 0.000000 0.000000 1.000000
0.951173 0.142318 -0.273890 -100.782204 -0.142273 0.989623 0.020135 92.733643 0.273914 0.019815 0.961550 -11.198928 0.000000 0.000000 0.000000 1.000000
0.939465 0.174052 -0.295146 -99.089531 -0.171407 0.984578 0.035023 90.385269 0.296690 0.017687 0.954810 -11.359097 0.000000 0.000000 0.000000 1.000000
0.925826 0.206896 -0.316290 -97.180893 -0.202431 0.978154 0.047298 87.803146 0.319166 0.020237 0.947483 -11.428247 0.000000 0.000000 0.000000 1.000000
0.911691 0.243079 -0.331257 -95.387817 -0.233120 0.969915 0.070136 85.741386 0.338340 0.013280 0.940930 -11.459394 0.000000 0.000000 0.000000 1.000000
0.897741 0.281491 -0.338856 -93.652977 -0.263414 0.959564 0.099250 83.994385 0.353092 0.000158 0.935589 -11.494624 0.000000 0.000000 0.000000 1.000000
0.883537 0.318271 -0.343607 -92.066063 -0.291173 0.947894 0.129290 82.392654 0.366852 -0.014184 0.930171 -11.497279 0.000000 0.000000 0.000000 1.000000
0.872263 0.346459 -0.345142 -91.148720 -0.309686 0.937541 0.158464 81.302536 0.378486 -0.031337 0.925076 -11.345757 0.000000 0.000000 0.000000 1.000000
0.863251 0.368417 -0.345060 -90.825783 -0.324549 0.928664 0.179587 80.542969 0.386608 -0.043039 0.921239 -11.042442 0.000000 0.000000 0.000000 1.000000
0.858083 0.387458 -0.337001 -90.843620 -0.337560 0.920155 0.198415 80.145866 0.386970 -0.056498 0.920360 -10.660778 0.000000 0.000000 0.000000 1.000000
0.853615 0.405367 -0.327139 -90.920212 -0.349937 0.911457 0.216310 79.823792 0.385858 -0.070167 0.919886 -10.267903 0.000000 0.000000 0.000000 1.000000
0.850882 0.417769 -0.318543 -90.914566 -0.358127 0.904870 0.230120 79.614502 0.384377 -0.081726 0.919552 -9.930703 0.000000 0.000000 0.000000 1.000000
0.853003 0.417300 -0.313443 -90.687195 -0.356236 0.904448 0.234670 79.645195 0.381421 -0.088514 0.920154 -9.736453 0.000000 0.000000 0.000000 1.000000
0.856435 0.410706 -0.312794 -90.356964 -0.349327 0.907146 0.234640 79.841454 0.380118 -0.091686 0.920382 -9.607107 0.000000 0.000000 0.000000 1.000000
0.848592 0.406322 -0.338813 -89.976425 -0.341987 0.909926 0.234688 80.414566 0.403654 -0.083285 0.911113 -9.451629 0.000000 0.000000 0.000000 1.000000
0.835474 0.406209 -0.370104 -89.622597 -0.336285 0.910590 0.240289 81.150444 0.434621 -0.076295 0.897376 -9.240916 0.000000 0.000000 0.000000 1.000000
0.831455 0.404399 -0.380979 -89.300880 -0.330464 0.911196 0.245998 81.715836 0.446628 -0.078637 0.891258 -9.059444 0.000000 0.000000 0.000000 1.000000
0.837176 0.398876 -0.374213 -89.003036 -0.323059 0.912723 0.250140 82.007996 0.441327 -0.088518 0.892970 -8.954050 0.000000 0.000000 0.000000 1.000000
0.845780 0.391756 -0.362192 -88.748268 -0.314647 0.914488 0.254380 81.975266 0.430875 -0.101187 0.896721 -8.896919 0.000000 0.000000 0.000000 1.000000
0.852895 0.385287 -0.352314 -88.521042 -0.306825 0.915894 0.258838 81.807724 0.422409 -0.112663 0.899376 -8.822701 0.000000 0.000000 0.000000 1.000000
0.859924 0.380331 -0.340409 -88.366066 -0.302020 0.916778 0.261346 81.440460 0.411478 -0.121928 0.903227 -8.682189 0.000000 0.000000 0.000000 1.000000
0.870897 0.374728 -0.317990 -88.323380 -0.298571 0.917345 0.263312 81.008179 0.390377 -0.134375 0.910796 -8.542768 0.000000 0.000000 0.000000 1.000000
0.882810 0.367632 -0.292391 -88.348526 -0.293687 0.917787 0.267237 80.688377 0.366598 -0.150048 0.918200 -8.428415 0.000000 0.000000 0.000000 1.000000
0.894533 0.358196 -0.267406 -88.498840 -0.285746 0.918257 0.274140 80.724380 0.343744 -0.168817 0.923765 -8.349630 0.000000 0.000000 0.000000 1.000000
0.905167 0.345940 -0.246977 -88.831421 -0.276336 0.920432 0.276483 81.022774 0.322972 -0.182015 0.928741 -8.218505 0.000000 0.000000 0.000000 1.000000
0.915462 0.331181 -0.228580 -89.311958 -0.265858 0.924179 0.274249 81.434845 0.302075 -0.190295 0.934098 -8.031708 0.000000 0.000000 0.000000 1.000000
0.929210 0.308879 -0.202883 -90.042740 -0.250118 0.929800 0.270023 81.790047 0.272045 -0.200163 0.941236 -7.821033 0.000000 0.000000 0.000000 1.000000
0.946262 0.277874 -0.165451 -90.965881 -0.226781 0.934875 0.273092 81.999496 0.230561 -0.220895 0.947653 -7.795937 0.000000 0.000000 0.000000 1.000000
0.962133 0.240973 -0.127409 -91.988243 -0.197802 0.938825 0.281924 82.028198 0.187551 -0.246046 0.950939 -8.051951 0.000000 0.000000 0.000000 1.000000
0.973361 0.202668 -0.107214 -93.078415 -0.165460 0.944606 0.283447 81.822067 0.158720 -0.258156 0.952976 -8.379472 0.000000 0.000000 0.000000 1.000000
0.981561 0.164771 -0.096895 -94.187126 -0.132331 0.951544 0.277585 81.512131 0.137937 -0.259644 0.955802 -8.599922 0.000000 0.000000 0.000000 1.000000
0.986914 0.127328 -0.098934 -95.305199 -0.097725 0.960349 0.261111 81.140854 0.128258 -0.248026 0.960225 -8.608047 0.000000 0.000000 0.000000 1.000000
0.990033 0.088056 -0.109910 -96.476059 -0.059738 0.969310 0.238474 80.774223 0.127536 -0.229532 0.964909 -8.625122 0.000000 0.000000 0.000000 1.000000
0.989915 0.048151 -0.133227 -97.923233 -0.019186 0.977367 0.210681 80.352524 0.140356 -0.206000 0.968434 -8.927446 0.000000 0.000000 0.000000 1.000000
0.987652 0.007394 -0.156492 -99.430069 0.021466 0.983078 0.181925 79.914848 0.155189 -0.183037 0.970780 -9.288583 0.000000 0.000000 0.000000 1.000000
0.982494 -0.031181 -0.183668 -101.255409 0.061865 0.984553 0.163790 79.360321 0.175724 -0.172285 0.969247 -9.966204 0.000000 0.000000 0.000000 1.000000
0.977666 -0.067165 -0.199145 -103.134003 0.098912 0.983105 0.154018 78.686142 0.185436 -0.170276 0.967791 -10.728441 0.000000 0.000000 0.000000 1.000000
0.972887 -0.097829 -0.209574 -105.001312 0.128357 0.982166 0.137383 77.936638 0.192396 -0.160559 0.968093 -11.374985 0.000000 0.000000 0.000000 1.000000
0.966111 -0.124221 -0.226270 -106.865547 0.152529 0.981910 0.112191 77.195961 0.208240 -0.142902 0.967582 -11.902198 0.000000 0.000000 0.000000 1.000000
0.957431 -0.143088 -0.250704 -108.644821 0.167818 0.982558 0.080102 76.492943 0.234869 -0.118765 0.964744 -12.251562 0.000000 0.000000 0.000000 1.000000
0.952356 -0.156599 -0.261716 -110.176239 0.177245 0.982510 0.057087 75.774986 0.248199 -0.100754 0.963455 -12.528642 0.000000 0.000000 0.000000 1.000000
0.952046 -0.167904 -0.255766 -111.389900 0.185303 0.981635 0.045340 75.050644 0.243456 -0.090560 0.965675 -12.802095 0.000000 0.000000 0.000000 1.000000
0.952673 -0.179062 -0.245666 -112.323845 0.194277 0.980173 0.038960 74.400230 0.233819 -0.084843 0.968571 -13.056992 0.000000 0.000000 0.000000 1.000000
0.953962 -0.191240 -0.231050 -113.042259 0.204934 0.978092 0.036568 73.884331 0.218995 -0.082235 0.972254 -13.185163 0.000000 0.000000 0.000000 1.000000
0.958731 -0.207538 -0.194326 -113.553528 0.219596 0.974666 0.042469 73.528229 0.180589 -0.083390 0.980017 -13.131213 0.000000 0.000000 0.000000 1.000000
0.961787 -0.232355 -0.144835 -113.864647 0.242492 0.968504 0.056540 73.392990 0.127136 -0.089501 0.987839 -13.016920 0.000000 0.000000 0.000000 1.000000
0.956606 -0.264744 -0.121717 -114.059746 0.274776 0.958621 0.074465 73.569405 0.096966 -0.104678 0.989768 -13.031286 0.000000 0.000000 0.000000 1.000000
0.945778 -0.293950 -0.138196 -114.285629 0.308236 0.946410 0.096425 74.113892 0.102446 -0.133794 0.985700 -13.237676 0.000000 0.000000 0.000000 1.000000
0.936002 -0.304832 -0.176004 -114.594086 0.327747 0.937124 0.119921 74.940887 0.128381 -0.169931 0.977058 -13.545352 0.000000 0.000000 0.000000 1.000000
0.935117 -0.291698 -0.201169 -114.830803 0.321304 0.937404 0.134304 75.772911 0.149401 -0.190226 0.970306 -13.804684 0.000000 0.000000 0.000000 1.000000
0.941484 -0.269239 -0.202777 -114.890282 0.299381 0.944376 0.136106 76.377312 0.154852 -0.188849 0.969720 -13.954879 0.000000 0.000000 0.000000 1.000000
0.948352 -0.254903 -0.188821 -114.774361 0.281520 0.950625 0.130612 76.561699 0.146205 -0.177023 0.973287 -13.961088 0.000000 0.000000 0.000000 1.000000
0.953003 -0.247233 -0.175101 -114.650742 0.271387 0.953558 0.130675 76.586426 0.134662 -0.172054 0.975840 -13.923852 0.000000 0.000000 0.000000 1.000000
0.954277 -0.246394 -0.169247 -114.559326 0.270692 0.952490 0.139600 76.401688 0.126810 -0.179031 0.975637 -13.854906 0.000000 0.000000 0.000000 1.000000
0.953497 -0.245944 -0.174227 -114.482826 0.272074 0.951069 0.146433 76.096710 0.129688 -0.187026 0.973757 -13.812271 0.000000 0.000000 0.000000 1.000000
0.954099 -0.245978 -0.170851 -114.366051 0.272453 0.949746 0.154116 75.732048 0.124356 -0.193590 0.973169 -13.782970 0.000000 0.000000 0.000000 1.000000
0.957167 -0.245218 -0.153948 -114.198494 0.269546 0.948827 0.164540 75.349632 0.105722 -0.198988 0.974283 -13.694763 0.000000 0.000000 0.000000 1.000000
0.960258 -0.241541 -0.139865 -113.996033 0.263648 0.949439 0.170459 74.963516 0.091620 -0.200560 0.975388 -13.472953 0.000000 0.000000 0.000000 1.000000
0.961448 -0.237719 -0.138226 -113.797401 0.259456 0.950746 0.169599 74.620796 0.091101 -0.198925 0.975771 -13.185316 0.000000 0.000000 0.000000 1.000000
0.961278 -0.238556 -0.137971 -113.643188 0.260273 0.950444 0.170041 74.380035 0.090569 -0.199367 0.975730 -12.963295 0.000000 0.000000 0.000000 1.000000
0.960487 -0.241646 -0.138099 -113.538345 0.263534 0.949191 0.172004 74.223534 0.089518 -0.201602 0.975368 -12.844755 0.000000 0.000000 0.000000 1.000000
0.961126 -0.236073 -0.143201 -113.368073 0.258186 0.952232 0.163079 74.317871 0.097862 -0.193712 0.976165 -12.961296 0.000000 0.000000 0.000000 1.000000
0.962559 -0.223906 -0.152795 -113.114990 0.245905 0.958445 0.144616 74.606544 0.114065 -0.176774 0.977620 -13.229567 0.000000 0.000000 0.000000 1.000000
0.963649 -0.211427 -0.163341 -112.855217 0.232848 0.964393 0.125414 74.927048 0.131009 -0.158889 0.978566 -13.516544 0.000000 0.000000 0.000000 1.000000
0.964302 -0.199327 -0.174330 -112.601372 0.219707 0.969733 0.106523 75.289360 0.147821 -0.141022 0.978908 -13.814886 0.000000 0.000000 0.000000 1.000000
0.966341 -0.183730 -0.180079 -112.433525 0.202466 0.974985 0.091720 76.261467 0.158722 -0.125093 0.979367 -14.260624 0.000000 0.000000 0.000000 1.000000
0.971234 -0.158801 -0.177446 -112.338768 0.176165 0.980534 0.086716 77.488960 0.160221 -0.115482 0.980303 -14.689944 0.000000 0.000000 0.000000 1.000000
0.975649 -0.120748 -0.183110 -112.260857 0.136991 0.987435 0.078772 78.965683 0.171297 -0.101938 0.979932 -15.171997 0.000000 0.000000 0.000000 1.000000
0.976468 -0.075080 -0.202172 -112.053291 0.087997 0.994564 0.055667 80.449448 0.196894 -0.072148 0.977767 -15.817871 0.000000 0.000000 0.000000 1.000000
0.972725 -0.025856 -0.230514 -111.698906 0.034063 0.998917 0.031694 81.795135 0.229445 -0.038682 0.972553 -16.525272 0.000000 0.000000 0.000000 1.000000
0.962632 0.030494 -0.269091 -111.067451 -0.025699 0.999442 0.021322 82.823318 0.269591 -0.013610 0.962879 -17.136925 0.000000 0.000000 0.000000 1.000000
0.947053 0.091127 -0.307875 -110.308487 -0.085957 0.995837 0.030342 83.730721 0.309358 -0.002272 0.950943 -17.401850 0.000000 0.000000 0.000000 1.000000
0.924609 0.157205 -0.346966 -109.485077 -0.149822 0.987538 0.048187 84.393898 0.350217 0.007429 0.936639 -17.255024 0.000000 0.000000 0.000000 1.000000
0.895396 0.223132 -0.385328 -108.717026 -0.212691 0.974600 0.070126 84.837570 0.391188 0.019165 0.920111 -16.963326 0.000000 0.000000 0.000000 1.000000
0.865317 0.280898 -0.415117 -108.200600 -0.266587 0.959274 0.093409 84.939835 0.424449 0.029836 0.904960 -16.657520 0.000000 0.000000 0.000000 1.000000
0.843315 0.324072 -0.428715 -107.881981 -0.303337 0.945541 0.118063 84.948906 0.443628 0.030481 0.895692 -16.341904 0.000000 0.000000 0.000000 1.000000
0.831372 0.353490 -0.428794 -107.597870 -0.323043 0.935261 0.144675 85.021301 0.452176 0.018240 0.891742 -15.905608 0.000000 0.000000 0.000000 1.000000
0.830509 0.372256 -0.414344 -107.280579 -0.331613 0.928125 0.169167 85.197098 0.447536 -0.003093 0.894261 -15.344665 0.000000 0.000000 0.000000 1.000000
0.842453 0.379081 -0.382845 -106.934151 -0.331738 0.924892 0.185806 85.488228 0.424525 -0.029528 0.904934 -14.680403 0.000000 0.000000 0.000000 1.000000
0.865355 0.369628 -0.338431 -106.428253 -0.322202 0.927569 0.189213 85.999657 0.383856 -0.054693 0.921772 -13.883604 0.000000 0.000000 0.000000 1.000000
0.888987 0.351147 -0.293934 -105.739410 -0.305869 0.933016 0.189541 86.695351 0.340802 -0.078595 0.936844 -13.004175 0.000000 0.000000 0.000000 1.000000
0.906853 0.324199 -0.269283 -104.533859 -0.278810 0.940643 0.193535 87.867722 0.316043 -0.100429 0.943414 -12.017685 0.000000 0.000000 0.000000 1.000000
0.918448 0.293311 -0.265371 -102.890671 -0.245327 0.948691 0.199499 89.502579 0.310271 -0.118126 0.943281 -11.011635 0.000000 0.000000 0.000000 1.000000
0.927500 0.261423 -0.267211 -100.962921 -0.212711 0.956880 0.197824 91.481812 0.307405 -0.126644 0.943114 -10.025634 0.000000 0.000000 0.000000 1.000000
0.936352 0.233059 -0.262541 -98.925499 -0.187665 0.964321 0.186726 93.524796 0.296692 -0.125572 0.946681 -9.097216 0.000000 0.000000 0.000000 1.000000
0.944800 0.208128 -0.253053 -96.958702 -0.167255 0.970487 0.173727 95.322327 0.281742 -0.121813 0.951726 -8.269450 0.000000 0.000000 0.000000 1.000000
0.951486 0.180888 -0.248905 -95.170715 -0.142185 0.975877 0.165674 96.739410 0.272869 -0.122246 0.954253 -7.505489 0.000000 0.000000 0.000000 1.000000
0.955208 0.148282 -0.256107 -93.622421 -0.108978 0.980847 0.161438 97.792519 0.275141 -0.126297 0.953072 -6.726693 0.000000 0.000000 0.000000 1.000000
0.956294 0.115382 -0.268679 -92.358559 -0.075795 0.985262 0.153340 98.606682 0.282412 -0.126274 0.950946 -5.965632 0.000000 0.000000 0.000000 1.000000
0.957024 0.091622 -0.275156 -91.307579 -0.055691 0.989186 0.135681 99.339401 0.284612 -0.114526 0.951777 -5.365521 0.000000 0.000000 0.000000 1.000000
0.957455 0.075628 -0.278498 -90.442673 -0.046220 0.992779 0.110693 99.991928 0.284858 -0.093111 0.954037 -5.002444 0.000000 0.000000 0.000000 1.000000
0.955762 0.059915 -0.287973 -89.744621 -0.036802 0.995700 0.085018 100.488548 0.291829 -0.070659 0.953857 -4.825955 0.000000 0.000000 0.000000 1.000000
0.951693 0.043073 -0.304016 -89.205513 -0.025039 0.997701 0.062972 100.794968 0.306029 -0.052318 0.950583 -4.803040 0.000000 0.000000 0.000000 1.000000
0.948532 0.030662 -0.315193 -88.825600 -0.017301 0.998833 0.045102 100.913445 0.316208 -0.037328 0.947955 -4.980097 0.000000 0.000000 0.000000 1.000000
0.955229 0.025486 -0.294767 -88.597588 -0.017332 0.999392 0.030242 100.885567 0.295359 -0.023779 0.955090 -5.325910 0.000000 0.000000 0.000000 1.000000
0.972292 0.023852 -0.232551 -88.488174 -0.020837 0.999664 0.015412 100.814514 0.232841 -0.010139 0.972462 -5.668318 0.000000 0.000000 0.000000 1.000000
0.987971 0.024634 -0.152667 -88.412308 -0.025411 0.999672 -0.003139 100.805565 0.152540 0.006981 0.988273 -5.865843 0.000000 0.000000 0.000000 1.000000
0.996548 0.032118 -0.076549 -88.322929 -0.034294 0.999039 -0.027282 100.865021 0.075599 0.029813 0.996692 -5.893952 0.000000 0.000000 0.000000 1.000000
0.998928 0.046190 0.002890 -88.224556 -0.045972 0.997539 -0.052934 100.914124 -0.005328 0.052744 0.998594 -5.868053 0.000000 0.000000 0.000000 1.000000
0.992741 0.065656 0.100774 -88.165558 -0.058001 0.995335 -0.077099 100.899284 -0.105366 0.070695 0.991917 -5.817842 0.000000 0.000000 0.000000 1.000000
0.973783 0.084874 0.211053 -88.219200 -0.065125 0.992970 -0.098838 100.831253 -0.217958 0.082502 0.972465 -5.833417 0.000000 0.000000 0.000000 1.000000
0.942581 0.099089 0.318940 -88.414284 -0.064858 0.991101 -0.116238 100.721741 -0.327620 0.088878 0.940620 -5.888974 0.000000 0.000000 0.000000 1.000000
0.891798 0.101970 0.440793 -88.593178 -0.053158 0.991138 -0.121734 100.621582 -0.449300 0.085130 0.889316 -5.826423 0.000000 0.000000 0.000000 1.000000
0.812291 0.084747 0.577063 -88.597466 -0.029656 0.994109 -0.104249 100.522903 -0.582498 0.067567 0.810019 -5.490355 0.000000 0.000000 0.000000 1.000000
0.719643 0.047178 0.692740 -88.400627 -0.005288 0.998032 -0.062476 100.378960 -0.694324 0.041297 0.718476 -4.877112 0.000000 0.000000 0.000000 1.000000
0.655675 0.010654 0.754968 -88.190620 0.009197 0.999714 -0.022095 100.290390 -0.754987 0.021431 0.655389 -4.238612 0.000000 0.000000 0.000000 1.000000
0.615730 -0.016142 0.787792 -88.064919 0.017612 0.999822 0.006721 100.282837 -0.787760 0.009736 0.615905 -3.696935 0.000000 0.000000 0.000000 1.000000
0.581577 -0.040315 0.812492 -87.966690 0.024110 0.999187 0.032321 100.300186 -0.813134 0.000792 0.582076 -3.187581 0.000000 0.000000 0.000000 1.000000
